<?xml version="1.0"?>
<opencv_storage>
<detector type_id="opencv-matrix">
  <rows>3781</rows>
  <cols>1</cols>
  <dt>f</dt>
  <data>
    4.00601476e-002 1.47108538e-002 3.86974663e-002 8.65555406e-002
    2.26498730e-002 3.27468887e-002 -5.36806174e-002 -3.90314721e-002
    1.73168723e-002 4.33504172e-002 -2.14381819e-003 -3.38531211e-002
    1.44194607e-002 -1.98601652e-002 3.22038792e-002 -4.88878936e-002
    -1.83418801e-003 3.44457924e-002 5.41213676e-002 4.23894562e-002
    5.48667945e-002 1.14719823e-001 3.88223492e-002 4.56981212e-002
    -7.23440899e-003 -5.84539911e-003 2.87161712e-002 4.36309874e-002
    -2.30283868e-002 -4.36545685e-002 2.03756616e-002 -3.21046598e-002
    2.09269822e-002 -4.93457960e-003 1.30149415e-002 4.05507237e-002
    4.53890115e-002 -1.13440473e-002 -3.87824103e-002 1.41428337e-002
    2.55345018e-003 3.74237970e-002 -3.13825527e-004 2.58213785e-002
    4.89830077e-002 3.71907745e-003 -1.70903727e-002 -4.35541850e-003
    3.62784192e-002 5.75490855e-003 -5.11738937e-003 -1.84148904e-002
    -1.82446204e-002 7.11073540e-003 5.54155968e-002 -3.72374570e-003
    -2.82341596e-002 1.95378549e-002 -1.69400238e-002 3.14145200e-002
    2.52618715e-002 4.03213352e-002 5.81320226e-002 1.33335066e-004
    3.23288259e-004 4.38502952e-002 4.60983217e-002 1.58229265e-002
    -4.27282229e-003 5.18853031e-003 3.17803840e-003 1.89002529e-002
    4.01204103e-004 5.99102490e-002 1.22584924e-001 1.21529490e-001
    3.44901532e-002 -1.10321650e-002 -3.25652324e-002 -4.34690043e-002
    -3.91324125e-002 -9.88338143e-004 9.23554599e-002 1.14995025e-001
    4.40766104e-002 -2.84165423e-002 -8.87633860e-002 -9.25900266e-002
    -8.44913200e-002 -7.41045326e-002 -3.50171402e-002 5.63487820e-002
    1.56424582e-001 1.38836995e-001 5.36905639e-002 1.59718916e-002
    -1.41116781e-002 -1.82331540e-002 -2.45881379e-002 -3.86286452e-002
    4.84952033e-002 9.33859423e-002 4.09585088e-002 -3.69663984e-002
    -8.00147876e-002 -7.88489580e-002 -9.00804177e-002 -9.33080837e-002
    5.32957017e-002 1.32092983e-001 9.52809006e-002 2.78804153e-002
    -1.15343311e-003 -2.27428805e-002 -2.52390802e-002 -1.72738992e-002
    -4.65292530e-003 2.21002847e-002 8.78825262e-002 2.20192447e-002
    -5.85827008e-002 -5.46751395e-002 -2.28511579e-002 -1.24063194e-002
    -4.56736423e-002 -4.19065841e-002 4.04539406e-002 1.22271046e-001
    1.03661425e-001 4.14564088e-002 5.82726300e-003 -3.01761013e-002
    -2.03681597e-003 -5.28739952e-003 -2.40076780e-002 1.45015884e-002
    5.74467033e-002 2.98938025e-002 -4.60981615e-002 -5.62786125e-002
    -4.35170457e-002 -5.79338847e-003 -2.92070601e-002 -2.72590797e-002
    1.58358403e-002 5.00066020e-002 3.93967554e-002 3.31830070e-003
    -1.75184514e-002 1.13210473e-002 2.42937226e-002 -1.55500267e-002
    -2.82937791e-002 1.21890269e-002 4.82719876e-002 4.17201519e-002
    8.79536755e-003 -3.43829282e-002 4.54725791e-003 3.50653455e-002
    1.42713208e-002 -4.48263437e-003 2.03045774e-002 4.49453853e-002
    3.97500359e-002 -2.60103345e-002 -3.88919190e-002 -8.11528508e-003
    1.34614613e-002 -1.21395127e-003 -1.53714065e-002 1.83379110e-002
    3.00927814e-002 3.79712246e-002 -2.11472833e-003 -1.26124555e-002
    -2.74810698e-002 -2.22376804e-003 5.42178284e-003 9.75807197e-003
    3.02226581e-002 5.14945313e-002 3.44582386e-002 1.70163717e-002
    -1.54361632e-002 -5.53284213e-003 4.41779234e-002 1.27394330e-002
    -1.32859536e-002 1.98748093e-002 4.42195535e-002 -6.63674087e-004
    -3.67446686e-003 -3.25841345e-002 -8.64620320e-003 2.59330682e-002
    -4.17370442e-003 -1.47918584e-002 7.43589457e-003 2.10085250e-002
    2.21010838e-002 1.34943787e-003 7.06805103e-003 -1.25588542e-002
    1.62012316e-002 -3.79303982e-003 5.16172871e-003 -2.21410841e-002
    5.26592927e-003 -3.20675969e-002 -2.36450173e-002 -4.41911556e-002
    -2.56462730e-002 -7.50291627e-003 -1.92587208e-002 -1.96536463e-002
    1.93528011e-002 8.28413293e-002 3.05605363e-002 1.53222214e-002
    3.27168358e-003 -2.49933946e-004 4.18442152e-002 2.68120263e-002
    -8.19166843e-003 4.03132029e-002 4.99786921e-002 -2.12554485e-004
    -4.39209044e-002 -7.83265233e-002 -4.44097519e-002 1.98803056e-004
    1.07753715e-002 -1.58368126e-002 7.31992209e-003 5.51769771e-002
    2.33846996e-003 -4.45454754e-003 2.80003697e-002 1.36379944e-002
    3.07102781e-002 -4.73040715e-003 -1.10233836e-002 2.06306167e-002
    2.54142713e-002 -1.81975141e-002 -4.37720641e-002 -5.20179011e-002
    -3.20680179e-002 1.23510305e-002 -2.70662960e-002 -3.06269377e-002
    5.79722151e-002 6.22587204e-002 2.67824065e-002 -3.93191688e-002
    -5.85382096e-002 -1.96858658e-003 2.41675675e-002 2.28917841e-002
    1.36652291e-002 4.16492149e-002 5.54310046e-002 8.59315321e-003
    -3.16146836e-002 -1.73988417e-002 -7.92178605e-003 -4.86217032e-004
    7.74154719e-003 -1.64259635e-002 6.80239201e-002 3.70452218e-002
    9.41547379e-003 -3.78054380e-002 -3.21398973e-002 -1.02445101e-002
    -5.26902080e-003 1.81100648e-002 2.62734536e-002 6.26170486e-002
    5.20043599e-004 -1.83783397e-002 -4.51456681e-002 -1.08288154e-002
    5.08040888e-003 -5.06420387e-003 1.06358463e-002 2.21345164e-002
    1.89378895e-002 5.02996109e-002 -3.63374874e-003 -1.07502267e-002
    2.83899903e-002 1.68687068e-002 8.61914270e-003 9.23645310e-003
    -3.95256877e-002 9.45599563e-003 -6.18059607e-003 -3.88753563e-002
    -1.15801534e-002 6.18156651e-003 -3.69684189e-003 -1.93240400e-002
    5.72634256e-003 -5.49636967e-003 8.04211497e-002 1.40242632e-002
    -1.75132006e-002 -2.49881689e-002 2.25971639e-002 2.87891980e-002
    2.40833387e-002 2.27949657e-002 3.27181332e-002 3.99909541e-002
    -3.18693854e-002 -2.20497698e-002 -1.16813462e-002 -2.43607704e-002
    -8.76220595e-003 -5.17994352e-003 3.24774832e-002 3.63071039e-002
    -5.78265265e-003 -2.84931920e-002 -4.10037115e-002 2.06064545e-002
    2.90189143e-002 -3.49572836e-003 -9.40082595e-003 4.10341285e-002
    1.59794476e-003 -4.55095842e-002 -3.53739485e-002 -4.27001156e-002
    -9.83220059e-003 2.15622541e-002 2.78721424e-003 -7.81819690e-003
    2.48499699e-002 -1.28952945e-002 3.28351222e-002 -2.08193753e-002
    -7.50117097e-003 -6.97988272e-003 1.72137544e-002 -8.46533570e-003
    -2.16833260e-002 3.68011221e-002 4.46670130e-002 1.93371214e-002
    -6.97610248e-003 -4.08677794e-002 -3.27474140e-002 1.27772067e-003
    -1.08502740e-002 -1.33660035e-002 2.00029127e-002 3.34747992e-002
    -3.33381779e-002 -2.69584917e-002 -3.51926945e-002 2.35718973e-002
    4.91841845e-002 3.00389864e-002 -1.67678632e-002 -7.73740234e-003
    -2.74664741e-002 -3.66945900e-002 4.72863764e-003 -3.67631279e-002
    2.02221237e-002 1.48420306e-002 -1.44022959e-003 -6.72311410e-002
    -6.21484034e-002 -6.85746297e-002 4.39561680e-002 8.33882671e-003
    -1.55545417e-002 -2.35203616e-002 3.40398215e-002 6.31540734e-003
    -1.26305036e-002 1.06853796e-002 3.47107016e-002 3.79501469e-002
    2.39099860e-002 -6.04639645e-004 -1.06412889e-002 3.07715544e-003
    -3.37359272e-002 -4.75475453e-002 -4.48224274e-003 -7.07233092e-003
    -3.96941528e-002 6.11248473e-003 -3.21348533e-002 6.07606489e-003
    3.26594599e-002 -2.97168805e-003 -4.72275205e-002 -5.52822165e-002
    -8.67130533e-002 -5.36533780e-002 1.48933579e-003 -1.08974688e-002
    5.38842343e-002 4.94324416e-002 2.86466703e-002 -6.00323230e-002
    -6.65504187e-002 -8.63179117e-002 2.73586046e-002 2.20303144e-002
    -1.78478546e-002 -1.57836396e-002 -1.38418768e-002 -2.29578912e-002
    -3.75400297e-002 -1.71993598e-002 -1.55615881e-002 1.17233871e-002
    -1.03041921e-002 -1.58066284e-002 1.89935006e-002 -5.18019451e-003
    4.16225288e-003 -4.23924364e-002 -1.03457142e-002 1.77869499e-002
    -5.15101776e-002 -2.11649621e-003 -8.10150243e-003 3.60480882e-002
    3.76005806e-002 1.36485454e-002 -6.82244003e-002 -5.15404940e-002
    -8.06684718e-002 -6.10260591e-002 -1.72469169e-002 -4.77951393e-002
    -1.11014154e-002 3.60738561e-002 1.13626402e-002 -7.54800662e-002
